     A   B   C   D   E   F   G   H   I   J   K   L   M   N   O   P   Q   R   S   T 
 A  |0| |0| |3| |0| |0| |0| |4| |0| 10  |0| |0| |0| |5| |6| |1| |3| |8| |0| |0| |6|
 B  |0| |0| |3| |0| |0| |0| |4| |0| 10  |0| |0| |0| |5| |6| |1| |3| |8| |0| |0| |6|
 C  |3| |3| |0| |3| |3| |3| |7| |3| 11  |3| |3| |3| |8| |9| |4| |6| |7| |3| |3| |9|
 D  |0| |0| |3| |0| |0| |0| |4| |0| 10  |0| |0| |0| |5| |6| |1| |3| |8| |0| |0| |6|
 E  |0| |0| |3| |0| |0| |0| |4| |0| 10  |0| |0| |0| |5| |6| |1| |3| |8| |0| |0| |6|
 F  |0| |0| |3| |0| |0| |0| |4| |0| 10  |0| |0| |0| |5| |6| |1| |3| |8| |0| |0| |6|
 G  |4| |4| |7| |4| |4| |4| |0| |4| |8| |4| |4| |4| |9| |4| |5| |3| |8| |4| |4| |4|
 H  |0| |0| |3| |0| |0| |0| |4| |0| 10  |0| |0| |0| |5| |6| |1| |3| |8| |0| |0| |6|
 I  10  10  11  10  10  10  |8| 10  |0| 10  10  10  13  |8| 11  |7| |8| 10  10  10 
 J  |0| |0| |3| |0| |0| |0| |4| |0| 10  |0| |0| |0| |5| |6| |1| |3| |8| |0| |0| |6|
 K  |0| |0| |3| |0| |0| |0| |4| |0| 10  |0| |0| |0| |5| |6| |1| |3| |8| |0| |0| |6|
 L  |0| |0| |3| |0| |0| |0| |4| |0| 10  |0| |0| |0| |5| |6| |1| |3| |8| |0| |0| |6|
 M  |5| |5| |8| |5| |5| |5| |9| |5| 13  |5| |5| |5| |0| 11  |6| |8| 13  |5| |5| 11 
 N  |6| |6| |9| |6| |6| |6| |4| |6| |8| |6| |6| |6| 11  |0| |7| |5| 10  |6| |6| |2|
 O  |1| |1| |4| |1| |1| |1| |5| |1| 11  |1| |1| |1| |6| |7| |0| |4| |9| |1| |1| |7|
 P  |3| |3| |6| |3| |3| |3| |3| |3| |7| |3| |3| |3| |8| |5| |4| |0| |5| |3| |3| |5|
 Q  |8| |8| |7| |8| |8| |8| |8| |8| |8| |8| |8| |8| 13  10  |9| |5| |0| |8| |8| 10 
 R  |0| |0| |3| |0| |0| |0| |4| |0| 10  |0| |0| |0| |5| |6| |1| |3| |8| |0| |0| |6|
 S  |0| |0| |3| |0| |0| |0| |4| |0| 10  |0| |0| |0| |5| |6| |1| |3| |8| |0| |0| |6|
 T  |6| |6| |9| |6| |6| |6| |4| |6| 10  |6| |6| |6| 11  |2| |7| |5| 10  |6| |6| |0|

Average Distance = 3.89

Maximum Distance = 13
Minimum Distance = 0